1 99.392920 5.831858 108.350442 52.325664
2 125.412389 79.624779 118.587611 104.791150
3 231.196460 32.704425 178.304425 75.785841
4 180.437168 124.412389 148.446018 120.146903
5 124.985841 220.812389 118.587611 163.228319
7 2.566372 168.346903 56.738053 140.621239
8 59.297345 82.610619 83.184071 97.113274
9 71.240708 1.139823 100.246018 78.771681
10 185.129204 205.030088 131.810619 134.649558
11 186.408850 70.667257 124.559292 108.203540
12 43.941593 125.692035 104.084956 113.322124
13 125.838938 137.208850 116.028319 114.175221
