1 47.014451 10.224646 53.114067 29.548262
2 62.508825 45.370752 57.162011 50.675641
3 99.175321 30.315522 72.865702 47.869220
4 87.981524 62.881504 72.515166 61.384732
5 61.919545 104.038491 58.501724 78.909040
6 52.523643 66.821496 54.205302 61.306648
7 24.175727 80.779967 44.621482 64.536333
8 28.332632 47.892632 42.095336 52.864695
9 46.006513 28.291487 54.496666 52.712310
10 72.117191 79.995685 58.282449 60.301281
11 71.019267 49.091609 57.515445 55.795569
12 46.106160 58.202449 56.479555 57.633287
