1 48.226172 9.116299 54.405406 31.286773
2 61.297910 45.081591 58.352618 49.447690
3 102.341917 30.190814 74.542040 46.591516
4 87.177785 66.441255 72.517789 61.172863
5 62.971150 105.205252 59.695864 80.051659
6 51.552621 66.910526 54.502644 61.512527
7 22.916011 81.114209 44.541557 65.006003
8 28.999580 48.074708 41.158439 51.668237
9 49.465307 28.555068 54.596565 52.349666
10 73.184406 76.579770 58.448862 60.072202
11 72.450890 48.251912 58.080197 55.697193
12 45.849611 58.143794 56.609991 57.773753
