1 48.226172 9.116299 54.848975 28.574346
2 61.721068 44.249145 58.139023 50.072044
3 106.936055 28.532054 77.861459 46.395273
4 87.392040 65.817262 72.724959 61.173721
5 63.796317 105.417423 58.864415 80.463439
6 51.751152 67.743674 54.707398 61.721596
7 11.970248 82.925321 40.600762 66.444085
8 28.814973 45.782489 40.939322 52.916901
9 42.518081 19.967469 53.391690 48.802498
10 75.559043 87.405529 59.880375 61.744048
11 75.580864 46.386827 58.701116 55.699781
12 41.082584 59.371655 56.403054 57.772876
