1 91.835938 25.656250 101.539062 67.421875
2 124.742188 86.828125 118.835937 98.218750
3 183.382812 69.109375 140.773438 96.531250
4 173.679687 129.015625 147.523438 119.312500
5 122.632812 196.093750 118.414062 150.531250
6 101.960937 131.968750 107.445312 121.421875
7 53.445313 141.250000 95.632813 118.890625
8 55.132813 98.218750 81.710938 104.125000
9 105.335937 71.640625 110.398437 103.281250
10 131.914062 142.937500 118.414062 115.093750
11 128.117188 104.125000 115.460937 110.031250
12 101.960937 110.453125 112.507812 109.609375
