1 92.621762 16.077720 105.632124 55.528497
2 125.357513 87.844560 114.445596 98.756477
3 200.481865 56.787565 146.761658 92.880829
4 178.238342 123.518135 146.341969 120.580311
5 125.357513 208.295337 117.803109 156.673575
6 105.212435 131.911917 108.569948 120.580311
7 46.875648 160.870466 88.844560 127.295337
8 54.849741 93.300518 83.388601 103.373057
9 90.943005 53.010363 108.989637 102.953368
10 145.922280 158.772021 116.963731 118.481865
11 142.984456 95.398964 115.284974 109.248705
12 91.782383 114.284974 113.186528 113.025907
