1 48.082656 4.790918 54.455956 27.361508
2 61.960481 41.146413 59.532662 55.502237
3 112.851091 16.469185 88.691752 39.782673
4 88.022646 62.069314 73.331201 61.176751
5 60.857845 110.115925 58.637726 82.723348
7 2.339311 84.712987 30.269204 70.750514
8 30.538831 42.270760 42.437684 50.021144
9 36.723249 3.081964 49.958347 41.933571
10 94.211387 103.455861 66.206647 69.879691
11 92.680855 35.624702 62.440555 54.265745
12 22.500653 63.444009 51.653366 57.965084
13 61.882323 68.197527 58.266366 57.993306
