1 95.094903 13.806678 109.188049 53.523726
2 123.708260 85.553603 116.448155 97.511424
3 216.381371 53.096661 157.019332 89.824253
4 177.091388 129.541301 146.769772 120.145870
5 129.260105 211.110721 118.583480 159.862917
6 103.636204 133.811951 109.615114 121.427065
7 21.639719 165.414763 80.574692 131.249561
8 55.804921 88.970123 81.001757 103.490334
9 83.564148 36.014060 106.625659 94.949033
10 153.175747 173.956063 120.291740 121.427065
11 152.321617 89.824253 117.729350 109.042179
12 81.428822 116.729350 113.031634 113.312830
