1 44.970176 11.039993 52.693844 30.777649
2 61.902665 44.958596 57.990760 49.245389
3 97.925159 32.365365 74.092349 47.464001
4 86.319395 65.740833 73.125942 61.387276
5 62.339207 102.612654 58.704997 78.910016
6 51.909868 67.227663 54.209452 60.897497
7 20.553298 77.699329 43.609807 64.122767
8 28.348318 46.255039 41.898264 52.249837
9 45.597554 28.495142 55.515624 52.511779
10 69.677774 79.779761 59.699772 60.921222
11 68.974130 49.903207 58.934968 56.210886
12 47.729801 58.414143 56.691354 56.815525
