1 51.819630 3.757324 53.821829 28.610593
2 64.270543 38.029370 61.197639 54.468751
3 113.685131 16.262238 88.903966 39.366365
4 89.475255 61.867065 73.538128 61.177608
5 63.536408 110.753048 58.637726 82.723348
7 3.170838 83.681016 28.623396 70.327196
8 29.512881 41.641930 43.664349 51.274683
9 31.554198 3.064425 50.165035 41.934383
10 95.253048 102.838698 66.204519 70.087530
11 96.384550 38.139954 64.095038 54.272480
12 24.766618 63.662616 53.093333 58.595190
13 66.025637 67.384424 58.681937 57.787052
