1 94.700885 4.978761 108.350442 51.046018
2 124.132743 79.198230 119.440708 108.630088
3 228.210619 28.438938 179.157522 76.212389
4 178.304425 121.853097 148.019469 120.146903
5 123.279646 220.812389 118.161062 164.507965
7 1.713274 169.200000 59.297345 140.194690
8 59.297345 81.757522 84.037168 97.539823
9 71.240708 1.566372 99.392920 80.904425
10 191.953982 206.736283 133.516814 138.061947
11 187.261947 67.681416 125.412389 106.070796
12 43.088496 125.265487 103.231858 113.748673
13 124.559292 134.649558 116.881416 113.748673
