1 46.802639 13.468092 51.474445 35.560670
2 63.450032 44.260083 60.321939 49.808337
3 94.066001 36.533871 71.380068 49.027900
4 85.940777 65.760572 72.881448 61.590942
5 67.409751 96.904390 60.053323 75.925641
6 53.187883 67.674362 53.869058 60.892819
7 29.443117 74.750677 48.348463 61.279822
8 30.097040 48.447273 42.304770 52.820822
9 52.894967 36.596506 55.181931 52.463483
10 67.435558 73.699586 57.360474 59.262477
11 67.041985 52.717377 58.834195 55.153890
12 50.230480 56.969221 57.592507 56.589054
