1 46.399329 10.633691 52.888511 31.598877
2 62.314124 44.550338 58.802358 49.453450
3 97.728478 31.748699 71.851872 47.455538
4 87.340646 65.540388 73.327349 61.592807
5 61.731524 102.405299 58.507761 78.296080
6 52.521604 67.025962 54.201152 61.715784
7 21.974229 77.502481 45.452107 62.699660
8 28.133525 47.482366 42.491514 53.889694
9 49.849771 30.357029 53.683252 52.708941
10 70.109621 77.328999 57.676551 59.889440
11 67.750361 50.103297 57.727344 54.977640
12 47.953553 56.368964 55.676661 56.606574
