1 95.094903 13.806678 108.333919 59.075571
2 122.854130 87.261863 116.875220 96.230228
3 206.985940 56.513181 150.186292 90.251318
4 176.664323 130.822496 146.342707 120.145870
5 127.551845 210.683656 120.291740 159.008787
6 103.209139 132.103691 109.188049 121.000000
7 44.274165 161.571178 88.688928 128.260105
8 56.231986 93.667838 81.428822 100.927944
9 98.084359 53.523726 109.188049 102.209139
10 148.050967 151.748682 117.302285 118.010545
11 145.915641 93.667838 116.448155 109.042179
12 91.251318 114.166960 113.458699 113.312830
