1 46.582399 14.913000 51.067656 35.353039
2 62.215761 44.873354 59.292836 50.421844
3 90.786549 36.316853 69.940468 49.640202
4 85.738190 65.553962 73.094917 60.768801
5 60.655808 98.099515 58.827206 75.919861
6 50.948862 66.842038 53.656379 61.714464
7 27.435687 71.250308 47.948108 60.455562
8 28.446684 50.291611 41.279543 53.227856
9 52.886202 37.420812 55.177667 52.875078
10 65.405447 72.251630 59.002325 58.652331
11 63.762023 53.321780 57.596764 56.177569
12 51.054073 56.355627 56.167859 55.965828
