1 95.094903 9.963093 110.042179 47.117750
2 125.843585 85.980668 115.166960 96.657293
3 218.943761 53.950791 159.154657 87.688928
4 176.237258 126.551845 145.061511 120.145870
5 127.124780 213.673111 116.875220 159.008787
6 104.490334 135.520211 109.615114 123.135325
7 35.732865 172.674868 82.282953 131.676626
8 55.377856 89.824253 81.001757 102.209139
9 86.553603 33.451670 107.479789 92.813708
10 160.435852 174.383128 124.135325 121.854130
11 156.592267 90.251318 115.166960 109.042179
12 81.428822 116.729350 108.760984 109.896309
