1 50.354450 5.216068 54.449146 27.987167
2 62.578853 41.357062 59.138745 53.627963
3 114.278886 18.563578 88.279579 39.572767
4 89.044641 63.322125 73.538128 61.177608
5 61.683701 110.120638 58.850362 82.101549
7 2.754224 84.300663 29.030087 70.952089
8 30.534778 42.687046 42.026730 49.811341
9 36.725469 2.872947 50.382617 40.893886
10 90.907152 102.607908 65.396740 68.213175
11 92.248669 37.083465 62.016008 55.304431
12 22.911080 63.653714 52.068693 57.758895
13 62.489722 69.447321 57.850814 58.199551
