1 93.847788 4.978761 112.615929 47.207080
2 120.720354 88.582301 115.175221 108.630088
3 227.784071 36.969912 170.626549 79.624779
4 180.863717 125.692035 145.886726 119.720354
5 125.412389 217.400000 117.307965 164.081416
7 5.978761 178.157522 66.548673 138.915044
8 58.444248 84.316814 83.184071 100.525664
9 82.757522 11.376991 104.938053 88.155752
10 177.877876 190.953982 127.545133 129.104425
11 174.892035 84.316814 124.559292 107.776991
12 61.430088 123.132743 104.938053 116.734513
13 110.909735 128.677876 113.042478 114.175221
