1 93.523438 22.703125 100.695313 67.421875
2 125.585938 85.984375 120.945312 96.953125
3 188.445312 67.843750 142.882812 96.953125
4 174.101562 129.859375 147.101562 120.578125
5 129.804688 197.781250 117.992187 150.531250
6 104.070312 134.078125 107.023437 121.421875
7 55.554688 150.109375 94.789063 121.000000
8 56.820313 92.734375 83.820313 102.859375
9 102.804687 69.109375 110.398437 104.125000
10 136.132812 144.625000 115.039062 117.203125
11 131.914062 101.593750 118.414062 110.031250
12 99.429688 110.031250 112.929687 110.453125
