1 95.127434 4.125664 109.630088 50.619469
2 122.426549 83.890265 117.734513 111.615929
3 230.769912 31.851327 174.892035 78.345133
4 181.716814 123.132743 146.739823 119.293805
5 124.132743 219.532743 116.881416 163.654867
7 3.419469 170.053097 61.856637 139.341593
8 58.444248 84.316814 85.316814 99.672566
9 69.534513 2.846018 99.819469 83.890265
10 185.129204 205.456637 130.957522 133.369912
11 182.569912 72.373451 127.971681 107.350442
12 46.500885 128.251327 105.791150 113.748673
13 124.559292 134.649558 113.469027 115.881416
