1 92.959578 11.671353 107.906854 52.242531
2 126.270650 86.834798 116.448155 98.365554
3 212.110721 54.377856 154.456942 89.824253
4 176.664323 126.978910 147.623902 120.572935
5 127.551845 211.537786 119.437610 155.592267
6 105.771529 133.811951 110.469244 121.854130
7 22.920914 164.987698 80.574692 129.114236
8 54.523726 91.105448 80.147627 101.782074
9 85.272408 37.722320 108.333919 94.949033
10 154.884007 170.539543 119.010545 118.437610
11 150.186292 90.251318 116.448155 112.031634
12 86.980668 116.729350 113.031634 111.177504
