1 48.246865 7.233576 55.297374 25.443448
2 62.754369 44.461625 57.522386 49.652769
3 108.178409 28.953848 78.909988 45.356168
4 86.993324 64.357415 71.896296 61.170274
5 62.750948 106.657084 58.041184 80.043659
6 52.156502 68.577718 54.698968 62.554215
7 18.744283 86.490811 41.425333 66.655941
8 28.604358 46.198230 40.945498 52.292145
9 43.980421 18.719013 53.816436 47.762177
10 79.077637 87.630756 61.740995 61.960264
11 77.651769 46.603077 57.459294 55.694603
12 41.082584 59.371655 54.350984 56.098106
