1 47.201887 8.067054 54.234474 27.945760
2 62.956979 44.879450 58.134631 50.488817
3 104.849208 29.153112 76.617450 46.390671
4 87.198428 64.566583 73.137064 61.383728
5 62.967310 105.620404 59.298560 78.386411
6 52.785175 67.748386 55.119052 61.931565
7 12.590450 82.721018 40.610760 65.404016
8 28.185171 46.821348 40.534103 52.082105
9 43.337203 20.806037 54.219480 48.805847
10 76.404195 85.746357 59.274537 60.283960
11 74.542040 46.591516 58.065074 57.155121
12 43.769783 59.383636 56.413790 56.731619
