1 48.294209 4.373536 55.078809 27.155122
2 61.108263 43.434613 58.690577 56.955011
3 114.076453 18.144940 86.606671 40.818020
4 89.673162 62.700353 72.714870 60.758109
5 61.276426 109.496492 58.022089 82.305106
7 3.159079 85.132068 31.510358 70.341265
8 30.113886 43.517815 43.046855 51.064014
9 35.889451 3.706167 50.149847 43.392028
10 90.905074 102.815454 64.989657 67.587740
11 90.372483 37.911529 63.674786 54.895062
12 24.136724 64.905916 52.893053 57.970417
13 61.882323 68.197527 56.602116 59.026188
