1 88.424870 17.756477 104.792746 58.046632
2 124.098446 87.005181 116.124352 95.818653
3 197.963731 60.984456 149.279793 92.041451
4 174.880829 129.393782 147.601036 120.580311
5 126.196891 205.357513 118.222798 156.673575
6 103.953368 132.751295 108.569948 119.740933
7 39.321244 154.575130 86.746114 126.455959
8 54.849741 89.943005 82.968912 102.113990
9 90.103627 53.430052 111.088083 102.533679
10 140.886010 158.352332 119.901554 119.740933
11 138.787565 97.077720 118.222798 110.088083
12 95.139896 114.704663 113.606218 111.347150
