1 102.378761 2.846018 107.070796 53.605310
2 128.824779 72.800000 122.853097 106.497345
3 229.916814 28.012389 179.584071 75.359292
4 181.290265 121.426549 148.446018 120.146903
5 128.824779 222.092035 118.161062 164.507965
7 3.419469 167.067257 55.884956 139.341593
8 57.164602 80.477876 86.596460 100.099115
9 60.576991 1.566372 99.819469 80.904425
10 194.086726 205.456637 133.516814 138.488496
11 194.939823 72.800000 128.824779 106.070796
12 47.780531 125.692035 106.217699 115.028319
13 133.090265 132.943363 117.734513 113.322124
