1 91.362694 16.917098 105.212435 59.725389
2 124.937824 86.165803 117.803109 96.238342
3 197.544041 59.725389 144.663212 92.041451
4 176.979275 128.974093 148.020725 121.000000
5 124.937824 204.937824 117.803109 155.414508
6 105.212435 132.331606 108.569948 121.419689
7 42.259067 154.155440 90.523316 123.518135
8 54.430052 92.461140 84.227979 105.471503
9 98.917098 57.207254 107.310881 102.953368
10 141.725389 153.316062 115.704663 117.642487
11 136.269430 97.497409 115.704663 107.569948
12 95.559585 110.507772 111.507772 110.927461
