1 47.416402 13.470145 50.658695 35.351500
2 62.629395 44.462957 60.321939 49.808337
3 93.255309 35.705953 70.961650 49.850088
4 85.938520 65.966326 72.883646 61.385206
5 64.120796 98.938630 58.622858 75.918898
6 51.960084 67.874295 53.452030 61.713570
7 28.416150 75.566691 47.529357 61.481799
8 29.288562 47.620692 42.306814 52.615100
9 51.672372 36.179715 55.173403 53.286651
10 67.441872 73.083035 57.356234 59.673845
11 65.616383 52.094087 59.027945 56.183552
12 49.830161 56.144678 56.368033 56.378161
