1 47.668793 4.789618 56.545255 25.491442
2 60.256368 45.722227 57.465385 55.493634
3 112.589424 20.649380 84.526901 41.436217
4 89.244886 63.947235 72.298814 60.964416
5 61.905328 108.463629 58.226624 82.513720
7 4.361924 89.076741 33.781002 70.144595
8 30.113886 43.517815 42.010121 51.475684
9 42.255763 7.906670 52.608443 45.483948
10 87.457287 95.739459 63.357117 65.501613
11 86.572842 43.736239 62.018191 55.096363
12 31.377581 62.447337 52.465051 59.424301
13 55.298785 65.258123 56.403982 58.193403
