1 92.257813 22.703125 102.382812 67.843750
2 127.273437 85.562500 120.945312 96.953125
3 190.132812 69.531250 143.726562 95.265625
4 174.101562 129.437500 147.101562 121.000000
5 136.554688 193.562500 120.945312 150.531250
6 106.601562 133.656250 107.867187 119.734375
7 57.664063 148.421875 96.476563 120.578125
8 58.507813 94.421875 83.820313 103.281250
9 105.335937 69.953125 110.398437 102.437500
10 136.132812 145.890625 115.039062 116.359375
11 134.867188 102.859375 117.992187 107.921875
12 100.273438 111.718750 115.460937 110.875000
