1 63.435184 27.577235 63.059274 41.805676
2 117.623193 25.832696 87.458770 45.300625
3 88.565364 98.784980 73.811447 78.530709
4 27.686417 113.146643 47.981458 81.709645
5 35.206242 81.270897 48.495862 71.793585
6 18.754710 32.559022 42.397151 46.027438
8 43.894279 3.105135 57.673426 40.170053
9 116.220838 83.668338 77.365306 66.587091
10 11.801058 67.842912 50.849300 58.627054
11 83.626794 31.679095 65.513796 53.788936
12 61.414699 78.099496 59.825787 60.674063
13 79.050376 60.102385 65.851286 58.861092
14 57.597021 46.466215 62.466562 57.434674
