1 122.411168 58.974619 123.644670 90.223350
2 231.781726 50.340102 174.218274 94.746193
3 178.329949 202.472081 147.903553 165.467005
4 69.781726 224.675127 98.563452 165.878173
5 71.426396 167.934010 96.507614 151.487310
6 28.253807 75.832487 79.238579 99.269036
8 85.817259 14.157360 108.431472 86.934010
9 232.192893 176.157360 152.426396 140.385787
10 30.309645 142.441624 101.441624 127.228426
11 168.461929 68.020305 129.812183 113.659898
12 118.710660 164.233503 116.654822 128.873096
13 156.538071 124.350254 127.345178 125.172589
14 117.477157 94.746193 120.355330 123.116751
