1 125.231383 61.750000 121.353723 88.462766
2 233.805851 53.563830 173.486702 97.510638
3 176.933511 207.377660 145.050532 165.154255
4 63.188830 218.148936 95.502660 166.877660
5 69.220745 167.739362 94.640957 150.936170
6 26.566489 74.244681 80.853723 99.234043
8 81.284574 11.771277 108.859043 88.893617
9 234.236702 176.787234 158.837766 141.888298
10 30.875000 144.473404 101.534574 127.239362
11 171.763298 63.473404 131.694149 112.159574
12 116.183511 172.047872 117.906915 129.393617
13 164.869681 127.670213 129.970745 124.654255
14 115.321809 90.617021 122.215426 120.776596
