1 64.013625 27.120632 61.961825 40.324246
2 117.041863 23.154974 87.308610 44.837998
3 88.283484 98.972448 73.027737 78.172706
4 32.956872 104.116270 48.923311 78.966730
5 36.152756 79.357220 48.595686 71.117361
6 15.929380 33.188936 42.187690 45.603587
8 42.896762 2.327798 55.875459 40.525264
9 116.411321 83.978772 79.885308 66.724291
10 17.661817 67.849651 52.084716 59.446301
11 86.688691 28.011511 66.852284 52.036347
12 58.945039 81.535066 60.036713 60.525658
13 82.914163 59.718550 65.936663 58.199960
14 59.011596 41.382976 62.185342 56.279625
