1 124.878173 62.263959 122.411168 93.101523
2 234.248731 61.441624 176.274112 100.502538
3 176.274112 204.939086 145.847716 165.467005
4 50.868020 234.543147 93.629442 169.989848
5 68.959391 169.167513 95.685279 150.253807
6 28.664975 76.243655 82.116751 98.857868
8 82.116751 13.335025 109.664975 86.934010
9 227.670051 176.979695 152.015228 138.741117
10 20.852792 138.329949 101.852792 126.406091
11 163.527919 72.954315 116.654822 123.116751
12 122.000000 163.822335 116.243655 131.751269
13 152.837563 130.517766 126.522843 131.340102
