1 63.838386 27.374577 62.448570 42.617056
2 117.204717 27.052381 88.648294 46.317925
3 87.977772 97.773399 73.413767 78.327476
4 26.899765 112.136235 47.995451 80.495883
5 36.018097 80.059519 49.107211 70.782486
6 16.938979 34.179986 42.804150 45.419240
8 43.293295 3.103811 56.279520 39.557770
9 113.206437 84.068113 76.582456 65.166819
10 12.829256 64.808078 52.244361 59.035707
11 82.611047 32.694092 59.465076 57.428599
12 61.821950 77.493170 59.213325 61.686545
13 77.034622 61.112782 64.217725 61.494032
