1 62.656386 25.745028 63.066792 41.196249
2 116.074900 21.558412 87.683276 43.472952
3 88.994181 96.563026 74.414308 78.329501
4 36.119958 107.328068 50.416386 78.478522
5 37.222653 79.455952 49.499830 71.390972
6 16.741266 33.976183 41.401933 45.619046
8 45.091578 3.515366 55.678991 39.556576
9 115.418411 83.666997 76.772370 65.977947
10 17.397785 66.848032 52.039570 59.440803
11 85.049029 30.257943 65.926755 52.775117
12 60.219906 77.692000 59.430601 60.267722
13 78.876115 58.073805 64.655460 58.453131
14 60.036118 43.424896 61.265910 57.432270
