1 124.055838 62.675127 123.644670 91.456853
2 235.071066 58.974619 173.807107 98.446701
3 177.507614 206.994924 146.670051 165.878173
4 52.512690 236.598985 93.629442 172.456853
5 67.314721 171.634518 94.451777 152.309645
6 32.365482 72.954315 81.294416 100.091371
8 83.350254 13.335025 112.543147 88.167513
9 233.837563 176.157360 153.659898 141.619289
10 18.796954 144.497462 98.974619 125.583756
11 165.583756 70.898477 128.989848 115.715736
12 121.177665 165.055838 117.477157 129.695431
13 156.949239 128.461929 129.812183 125.994924
14 112.543147 100.913706 122.822335 123.116751
