1 45.150783 34.436686 53.717079 46.586938
2 94.250654 20.710681 76.598957 41.628934
3 86.426149 68.517602 77.212931 62.865066
4 87.636407 109.933681 68.831505 80.194048
5 28.394390 85.864368 43.138034 67.268245
6 4.860853 35.662818 39.855323 48.481994
7 115.478113 50.195527 78.983894 56.849679
8 54.867120 13.235298 62.288481 50.681562
9 45.974272 89.134075 59.848688 64.731972
10 79.607467 72.924948 66.669038 60.546912
11 48.209574 53.692439 60.519121 57.369702
12 66.025335 51.382680 62.274375 59.617511
