1 84.490706 79.187732 102.178439 103.678439
2 185.628253 50.615242 149.345725 93.247212
3 169.754647 147.671004 150.706320 136.332714
4 172.475836 232.027881 133.472119 171.708178
5 50.022305 183.953532 80.408922 145.856877
6 1.494424 82.362454 73.605948 107.760223
7 229.620818 110.027881 154.334572 124.087361
8 104.446097 36.102230 119.866171 111.842007
9 86.304833 190.302974 114.877323 140.414498
10 155.695167 156.741636 128.936803 131.797398
11 90.840149 118.191450 116.237918 125.447955
12 127.576208 113.202602 119.866171 129.983271
