1 80.408922 81.908922 103.085502 103.678439
2 185.628253 51.068773 151.159851 89.618959
3 167.940520 149.485130 150.706320 136.332714
4 173.836431 235.202602 136.193309 172.161710
5 51.382900 182.592937 83.583643 146.310409
6 4.215613 86.444238 76.327138 109.574349
7 227.806691 107.760223 154.334572 120.912639
8 105.806691 40.184015 117.598513 111.842007
9 79.501859 191.663569 116.691450 138.600372
10 149.345725 154.927509 125.762082 130.436803
11 90.386617 117.284387 114.423792 127.715613
12 132.565056 115.923792 118.052045 127.715613
