1 43.168506 35.762851 54.157005 46.590606
2 94.249974 20.934876 77.482514 39.845963
3 85.545461 69.403116 77.212931 62.865066
4 88.289905 111.493415 70.148764 80.427661
5 29.054274 85.202017 44.676925 67.504555
6 6.181703 37.686578 41.174615 49.387217
7 114.603528 49.071340 78.987348 55.285881
8 55.524243 15.258170 61.188996 50.672499
9 42.677922 89.773648 60.729201 63.846527
10 76.534594 72.008228 65.131588 59.864402
11 47.990121 53.243755 59.638062 58.479080
12 68.441399 52.743230 61.396790 58.493670
