1 80.862454 80.548327 102.178439 102.317844
2 186.988848 51.522305 150.252788 92.340149
3 171.115242 149.485130 149.799257 134.972119
4 154.788104 242.459108 129.843866 173.522305
5 50.929368 179.871747 83.583643 145.403346
6 6.483271 87.351301 80.408922 110.027881
7 228.260223 112.295539 159.323420 121.366171
8 109.888476 44.265799 121.680297 111.388476
9 74.966543 189.395911 113.063197 138.146840
10 151.159851 156.741636 127.122677 130.436803
11 92.654275 115.923792 116.691450 127.715613
12 129.390335 115.923792 120.319703 128.169145
