1 43.389317 35.093389 53.717962 45.916220
2 94.909372 21.163894 77.039736 41.184963
3 87.082754 69.415161 76.774904 62.191800
4 79.072687 114.973923 67.072970 81.070880
5 28.835100 83.863708 44.677353 67.058321
6 7.282631 38.143143 43.154422 49.627514
7 114.814810 51.308742 81.404288 55.528437
8 57.502317 17.291243 63.168401 50.465296
9 40.481577 88.641590 58.971101 63.608655
10 77.411244 72.907354 65.791002 59.869813
11 49.090603 52.582765 60.737279 58.488205
12 66.902453 52.730698 62.495601 58.726095
