1 66.610898 26.999893 65.830742 40.951232
2 115.076047 54.640650 90.463412 56.783024
4 85.862694 118.000000 69.425971 86.202051
5 43.865778 82.177947 48.829804 70.397743
6 14.577018 48.596347 40.506647 55.127879
7 42.067787 4.635975 53.844734 32.410263
8 115.136313 30.501708 76.314866 51.811536
9 9.670649 80.824598 46.567027 63.199888
10 87.083349 99.879228 69.387483 67.187109
11 43.511217 28.534781 59.115178 56.329208
12 54.884371 79.528784 61.390059 62.051689
13 76.050492 57.094939 63.932366 61.860690
