1 134.387884 48.890597 133.085895 77.534358
2 234.207052 104.876130 183.863472 109.650090
4 175.617541 235.943038 141.331826 170.409584
5 88.818264 162.597649 98.800181 138.293852
6 28.058770 94.026221 81.440325 107.046112
7 83.610307 3.320976 108.348101 60.174503
8 233.773056 55.400542 154.785714 99.668174
9 18.510850 160.427667 94.026221 123.537975
10 177.787523 198.185353 140.897830 131.349910
11 87.082278 52.362568 119.632007 109.216094
12 111.386076 156.955696 124.405967 120.933996
13 154.351718 110.518083 129.613924 120.500000
