1 65.804878 85.871951 92.439024 100.615854
2 77.695122 13.579268 106.231707 79.213415
4 204.682927 77.310976 166.634146 102.993902
5 159.500000 170.054878 147.609756 147.701220
6 47.256098 203.823171 88.634146 154.835366
7 235.121951 162.445122 164.731707 132.006098
8 13.012195 153.884146 94.817073 124.871951
9 174.243902 54.481707 129.536585 104.896341
10 151.414634 190.981707 120.500000 134.859756
11 172.817073 142.469512 143.329268 132.481707
12 112.890244 106.323171 134.768293 127.725610
13 105.756098 129.628049 111.939024 116.786585
