1 66.672213 85.216306 91.655574 101.114809
2 80.753744 9.357737 109.371048 80.673877
4 208.850250 83.399334 160.700499 101.569052
5 157.520799 169.251248 147.527454 142.905158
6 42.143095 203.773710 84.841930 158.803661
7 238.376040 163.346090 169.785358 131.094842
8 2.169717 144.722130 86.204659 124.735441
9 182.049917 28.890183 132.083195 96.572379
10 142.530782 215.584027 126.178037 139.725458
11 177.961730 145.630616 137.079867 124.281198
12 85.750416 79.765391 118.910150 106.111481
13 98.014975 132.911814 113.004992 116.559068
