1 64.378049 85.871951 93.865854 100.615854
2 77.219512 9.774390 109.085366 74.457317
4 208.012195 80.164634 163.304878 102.042683
5 158.073171 171.006098 143.329268 143.896341
6 40.121951 203.347561 86.731707 159.591463
7 237.500000 168.152439 163.780488 132.006098
8 2.073171 153.884146 83.878049 125.823171
9 185.182927 29.274390 136.670732 94.432927
10 145.231707 217.140244 126.207317 137.713415
11 204.682927 152.932927 168.536585 143.420732
12 113.365854 92.530488 135.243902 107.750000
13 99.097561 132.481707 115.743902 118.213415
14 152.365854 134.859756 139.524390 109.176829
