1 31.408744 43.959554 45.690149 51.281678
2 37.898577 7.027085 53.176412 38.638477
4 101.281889 41.894351 79.445919 52.325540
5 76.634773 85.832859 69.577635 72.580854
6 19.291608 100.950862 42.035765 79.922578
7 115.189946 84.798389 79.560334 66.899773
8 1.000000 76.695367 40.756858 63.487438
9 90.387052 17.027421 66.521711 48.492757
10 70.220412 108.189777 61.281177 69.488240
11 99.341122 77.264554 81.826128 72.472905
12 55.196011 47.449792 65.779806 54.962467
13 48.128281 66.804778 56.264257 59.952124
14 66.834009 1.000000 66.466238 1.000000
