1 62.475610 85.871951 93.390244 100.140244
2 76.743902 10.725610 106.231707 80.164634
4 208.963415 80.164634 162.829268 101.567073
5 160.926829 171.481707 145.231707 144.371951
6 45.353659 202.396341 90.060976 157.213415
7 237.975610 160.067073 168.060976 134.859756
8 4.926829 151.506098 85.780488 122.493902
9 176.621951 32.128049 133.817073 99.664634
10 144.280488 210.006098 125.731707 136.762195
11 188.512195 148.652439 148.085366 134.384146
12 106.707317 87.298780 133.817073 125.823171
13 100.524390 130.579268 113.841463 123.445122
