1 32.101894 43.966957 44.996738 51.274297
2 38.116789 8.879240 51.772512 40.937013
4 99.674774 40.490888 81.061233 52.804363
5 77.331289 85.377361 71.642964 74.452118
6 22.748957 101.220138 42.974547 77.619923
7 114.065948 82.016435 80.022572 66.904385
8 6.285749 76.754219 46.073634 63.082026
9 84.956565 29.241799 63.015179 53.545857
10 73.323885 95.509386 58.518163 68.071502
11 83.909499 72.030903 69.619841 67.030375
12 54.917760 54.155103 65.476746 64.674634
13 51.372473 65.451616 54.419951 59.238726
