1 30.484585 43.949671 45.460544 51.047940
2 37.663953 7.487241 51.769285 41.399611
4 101.744598 41.898688 79.216468 52.091902
5 78.018355 86.077736 70.500130 72.821563
6 21.830773 100.516269 43.659690 78.783705
7 115.461914 80.872718 81.629167 68.308075
8 2.372590 75.554522 41.691448 61.878465
9 86.205590 18.376347 65.115137 51.022966
10 69.787514 104.719375 61.053456 69.023274
11 91.507698 75.110536 71.924024 67.979133
12 51.976410 44.871514 65.021284 63.744689
13 48.827653 65.887068 55.321874 62.486572
