1 32.525295 43.652683 44.614385 51.512881
2 39.619145 6.841596 53.294096 41.663221
4 101.675281 43.471754 78.181222 52.082478
5 76.373518 84.977200 71.620972 72.119735
6 20.270210 101.168844 41.120863 79.529597
7 115.639332 82.467238 82.482117 66.485683
8 1.054150 72.241454 41.890386 62.970695
9 88.862687 16.825969 64.283093 49.510303
10 68.916785 107.420986 61.259884 70.466489
11 86.395846 73.592196 66.612617 63.011248
12 41.813467 41.100748 57.844805 54.082912
13 47.600991 67.008305 54.938764 59.133561
