1 31.426397 41.184680 45.226314 51.508047
2 37.668880 6.793550 53.389791 41.185234
4 100.817080 42.121391 79.214637 52.323222
5 76.176694 85.365908 69.799866 73.739507
6 19.047278 103.260803 43.664261 78.089919
7 115.918322 81.338648 81.165038 68.534752
8 1.000000 75.307940 43.997264 62.597164
9 85.520436 17.212506 64.184948 51.707339
10 65.636789 104.447196 62.200459 70.191714
11 92.856550 79.285009 78.827867 71.749332
12 52.424438 46.958074 60.210491 57.680428
13 48.356206 67.269813 56.482375 61.804899
14 69.165166 1.000000 65.828593 1.000000
