1 64.378049 80.164634 92.914634 101.091463
2 76.743902 9.298780 109.560976 79.689024
4 207.060976 80.640244 162.829268 102.042683
5 157.121951 170.054878 143.804878 146.274390
6 39.646341 208.103659 90.060976 155.786585
7 238.926829 161.018293 167.109756 135.335366
8 2.073171 151.030488 90.536585 123.920732
9 175.195122 29.750000 131.914634 101.091463
10 135.719512 209.530488 128.109756 139.140244
11 191.365854 157.213415 162.353659 141.993902
12 107.658537 91.579268 123.829268 113.457317
13 99.573171 133.432927 116.219512 122.018293
14 144.280488 131.054878 127.634146 114.408537
