1 64.542024 83.617496 93.106346 98.602058
2 77.185249 13.377358 107.154374 78.934820
4 205.490566 80.339623 161.473413 100.943396
5 158.195540 169.778731 146.957118 146.365352
6 44.874786 203.962264 89.360206 155.262436
7 236.396226 161.818182 166.624357 128.571184
8 7.881647 153.389365 91.233276 128.571184
9 173.180103 53.648370 132.440823 105.157804
10 152.108062 189.445969 120.734134 132.317324
11 170.838765 136.063465 139.933105 129.975986
12 115.114923 102.348199 135.718696 123.420240
13 102.471698 128.571184 114.178388 119.205832
