1 31.495364 42.864289 45.327585 50.298468
2 37.869496 8.778600 52.222107 40.806210
4 100.054456 41.967974 78.559531 51.781949
5 76.699043 85.236849 71.330918 73.799362
6 21.594008 101.275083 43.325706 77.831389
7 114.687080 81.717037 80.955909 65.243260
8 3.799883 76.486051 44.320775 64.862205
9 84.442054 28.831301 64.426268 53.687663
10 73.666457 94.766382 58.640734 66.836367
11 82.974144 68.906716 67.978615 65.794917
12 56.012757 52.233359 65.954153 62.585706
13 49.780298 64.920680 55.500032 60.426725
