1 118.182554 55.915468 121.650180 78.455036
2 230.446942 134.370504 169.330036 128.302158
3 131.186151 182.917266 124.684353 152.575540
4 38.427158 178.149281 77.871403 149.541367
6 22.822842 29.474820 76.137590 80.188849
7 87.840827 238.832734 101.277878 167.312950
9 216.576439 71.953237 146.790468 105.329137
10 31.491906 92.758993 102.144784 117.465827
11 168.463129 175.548561 124.250899 127.001799
12 119.049460 73.253597 116.015288 116.165468
13 102.578237 140.872302 113.848022 121.366906
14 133.786871 116.598921 116.448741 117.032374
