1 60.957550 28.077096 62.580240 39.005697
2 114.790583 66.376601 85.416212 63.270727
3 66.916311 89.610811 63.865540 74.904613
4 22.226606 87.088165 41.319267 73.320152
6 14.993675 14.977156 40.638712 39.719198
7 45.886522 116.594655 52.554454 81.983239
9 108.283491 36.130647 74.625481 52.088863
10 19.069837 45.691008 53.094305 57.846304
11 84.874806 86.136249 63.720550 62.521583
12 61.338588 36.478940 59.779892 57.252958
13 53.247263 69.182463 58.723572 59.765984
14 68.337749 57.509987 59.986639 57.673889
