1 119.049460 57.215827 120.349820 81.055755
2 230.880396 136.537770 169.330036 129.602518
3 131.186151 185.951439 125.117806 156.043165
4 37.560252 177.715827 78.738309 150.408273
6 20.222122 30.341727 76.137590 81.489209
7 87.840827 237.965827 102.578237 167.746403
9 212.675360 72.386691 145.056655 104.895683
10 28.457734 94.059353 99.977518 117.465827
11 171.497302 172.947842 124.684353 128.302158
12 117.749101 73.687050 115.148381 115.298561
13 100.844424 140.438849 114.714928 121.800360
14 136.821043 116.598921 117.315647 117.899281
