1 61.372583 28.709629 61.948067 40.261709
2 114.993098 67.426469 85.412899 63.900120
3 66.908125 91.079872 64.065377 76.584578
4 21.809439 86.876226 41.735053 73.742136
6 13.735731 15.390008 40.636044 40.349293
7 45.889001 116.174634 53.179777 82.196252
9 106.406262 36.328993 73.791839 51.874264
10 17.602308 46.313365 52.049960 57.840658
11 86.341443 84.885211 63.926123 63.152316
12 60.711132 36.685227 59.364341 56.830883
13 52.412966 68.968220 59.140140 59.978141
14 69.798680 57.518095 60.402165 58.095951
