1 33.636364 97.036364 179.000000 233.454545
2 285.600000 409.381818 219.254545 284.890909
3 208.072727 72.436364 246.090909 230.472727
4 384.745455 385.527273 255.781818 237.927273
5 409.345455 134.309091 282.618182 217.054545
6 56.000000 264.018182 207.327273 254.327273
7 296.036364 371.363636 222.236364 258.054545
8 122.345455 446.654545 209.563636 276.690909
9 198.381818 210.345455 222.236364 227.490909
10 282.618182 217.054545 231.181818 223.763636
11 261.745455 249.854545 220.745455 233.454545
