1 18.727273 114.927273 187.200000 232.709091
2 321.381818 405.654545 231.927273 277.436364
3 216.272727 58.272727 250.563636 221.527273
4 356.418182 374.345455 252.054545 240.163636
5 416.800000 136.545455 279.636364 214.072727
6 63.454545 296.072727 211.054545 248.363636
7 235.654545 362.418182 220.000000 258.054545
8 159.618182 445.163636 210.309091 273.709091
9 202.854545 210.345455 219.254545 225.254545
10 275.909091 234.200000 230.436364 229.727273
11 260.254545 253.581818 225.218182 237.181818
