1 19.472727 117.163636 179.000000 234.200000
2 325.109091 404.163636 239.381818 293.836364
3 209.563636 76.909091 249.072727 223.018182
4 397.418182 369.872727 255.781818 239.418182
5 424.254545 138.781818 279.636364 215.563636
6 71.654545 307.254545 211.054545 251.345455
7 270.690909 369.127273 221.490909 256.563636
8 189.436364 449.636364 212.545455 273.709091
9 196.145455 213.327273 222.981818 233.454545
10 278.890909 231.218182 231.181818 231.218182
11 258.763636 244.636364 224.472727 240.163636
