1 26.181818 130.581818 196.145455 239.418182
2 271.436364 357.200000 220.000000 261.036364
3 188.690909 99.272727 249.072727 222.272727
4 351.200000 360.927273 255.781818 238.672727
5 384.000000 130.581818 281.127273 209.600000
6 56.745455 267.745455 210.309091 252.836364
7 257.272727 361.672727 224.472727 258.800000
8 113.400000 422.054545 203.600000 281.163636
9 209.563636 208.854545 223.727273 221.527273
10 271.436364 202.145455 231.927273 218.545455
11 256.527273 252.836364 222.981818 231.963636
