1 20.963636 116.418182 181.981818 232.709091
2 328.836364 404.163636 211.800000 262.527273
3 195.400000 62.745455 246.090909 220.036364
4 378.781818 374.345455 249.818182 243.890909
5 433.945455 135.800000 278.890909 216.309091
6 68.672727 248.363636 212.545455 252.836364
7 281.127273 373.600000 220.000000 258.800000
8 129.054545 445.909091 210.309091 270.727273
9 203.600000 216.309091 223.727273 228.981818
10 268.454545 229.727273 229.690909 230.472727
11 237.890909 254.327273 228.945455 235.690909
